11348
43387
1894
48761
12966
5378
18311
41812
31532
1695
5344
2739
3315
43879
45473
9083
12975
35279
13758
7015
39076
2367
5764
5717
8852
30657
2993
45869
33696
38960
2921
35802
8927
23720
46841
803
35332
16924
24212
29455
28031
13297
41883
35169
5244
44111
29436
17931
38091
26408
4930
49631
23227
27889
46700
14181
49785
29329
13319
49770
6970
39716
24228
13909
10833
11642
19762
36895
14828
8103
27882
25587
32788
39150
12163
43806
31021
39409
33675
29269
20084
10246
32274
28536
37431
49085
41430
1730
17926
10138
13650
3995
19930
20083
36280
5589
25665
8961
42791
45898
45509
4806
48089
25997
47369
15334
9643
46996
1223
26432
32380
11730
43301
35060
11049
11332
46088
32865
24032
4500
18264
16005
48422
46089
23484
43459
41585
33362
4949
9493
48187
30711
43085
49667
11705
11826
16479
49338
38488
21576
39236
16370
28860
30779
10217
10682
8041
13393
14538
35752
35301
17690
45056
13641
39739
3966
21753
31272
4541
40914
48957
23937
24521
20995
10474
14312
43372
21918
22202
24159
24427
5533
5786
844
24805
1222
41714
33251
10425
7509
26780
485
49271
34111
19647
7834
36172
47247
20496
874
14411
20776
26374
11007
39974
8616
30792
46293
4872
13150
1199
10502
25652
22007
18834
19294
17273
49574
26294
8050
46763
44577
13136
2597
21297
6053
28582
2761
13319
46118
39042
18543
20720
1552
49546
11000
24937
34069
6892
38507
47335
1043
39239
34289
23251
49363
10844
29579
17267
32323
17579
31975
29967
49762
26191
7588
47655
41324
33125
970
5475
10149
36598
6454
3650
37858
663
40487
20944
6614
4345
45289
4140
31154
12797
7090
32396
37329
37937
17441
36190
24298
29598
42709
43319
6041
25823
36251
4467
13682
26289
29820
49963
37767
8612
7042
3395
19748
49352
38956
46929
29119
38701
13332
16836
21431
47516
5700
12912
47041