28802
22013
41090
41102
27470
16670
16569
7109
23041
37220
15273
23940
20261
37375
15247
14546
757
25044
38700
47283
26779
43728
5485
4991
18868
22957
13442
41317
14371
20430
26374
8748
4325
21021
21091
46302
16809
18199
39004
19407
31603
25214
12454
15520
5063
48603
14236
23544
36028
15331
42182
3691
9819
11115
995
33631
22613
8341
40315
18855
21166
18534
49781
32089
48477
8623
10091
16935
28042
29929
32405
2364
24559
24612
4168
43267
27322
31397
10951
36193
24433
29865
2757
18825
5581
44554
47911
16620
37477
7365
28020
40130
5850
49198
22400
36258
42945
8926
36871
32896
11435
33704
3552
38316
29044
21522
45198
45178
10614
47970
48972
19391
15002
33250
33875
12514
42634
45385
47818
6240
35616
27372
5557
4447
1385
2185
47830
43565
2612
5704
49948
14084
28788
5163
40528
34347
9383
25512
22394
27692
4474
16925
45755
32655
45152
9080
23285
22420
48276
48123
3846
41334
37877
719
2799
5449
6709
47966
42335
7077
46659
27410
44320
25150
28851
1588
35718
39892
39199
44182
34104
26141
23317
47313
10108
11380
31960
35864
28485
37938
41729
1186
22178
2293
37114
12042
25960
47773
48518
27850
6130
18342
5229
4749
42967
40598
37376
1852
38967
12855
8991
34019
3661
41089
21664
47225
16672
41286
40361
44544
9543
14835
41049
47694
6717
21548
34773
4659
14330
29224
17121
13926
18783
29588
3060
48381
9270
24727
30421
6029
40730
34583
19199
20572
20740
37131
48970
34902
42945
35368
42106
14083
8210
41047
16214
26475
49379
17915
11879
26481
48730
16372
21822
47523
6321
4633
43701
43747
24234
12085
12030
27598
3575
20028
46893
21274
29744
22770
6908
33747
10226
7231
2689
48510
33873
6138
9204
30403
787
10454
30444
33535
49656
367
43782
35076
19517
8860
41183
3279
24638
36108
35932
10231
32078
10967
42446
38906
18659
10197